#                                                                             --- full sequence --- -------------- this domain -------------   hmm coord   ali coord   env coord
# target name        accession   tlen query name            accession   qlen   E-value  score  bias   #  of  c-Evalue  i-Evalue  score  bias  from    to  from    to  from    to  acc description of target
#------------------- ---------- -----  -------------------- ---------- ----- --------- ------ ----- --- --- --------- --------- ------ ----- ----- ----- ----- ----- ----- ----- ---- ---------------------
COG0172              -            477 301-92_KLEHDADP_00168 -            568     1e-19   56.5   0.0   1   2   6.6e-18   6.6e-18   50.5   0.0   222   381    45   205    33   210 0.92 -
COG0172              -            477 301-92_KLEHDADP_00168 -            568     1e-19   56.5   0.0   2   2    0.0011    0.0011    3.5   0.0   407   461   412   464   403   488 0.73 -
COG0172              -            477 301-92_KLEHDADP_00169 -            154   6.1e-06   11.0   1.4   1   1   6.2e-06   6.2e-06   11.0   1.4    87   146     7    71     1   110 0.70 -
COG0172              -            477 301-92_KLEHDADP_00711 -            597   6.2e-18   50.6   0.5   1   2     0.093     0.093   -2.8   0.1   148   200    53   101    47   107 0.74 -
COG0172              -            477 301-92_KLEHDADP_00711 -            597   6.2e-18   50.6   0.5   2   2   1.1e-17   1.1e-17   49.7   0.0   187   367   189   368   157   401 0.87 -
COG0172              -            477 301-92_KLEHDADP_00867 -            574     0.059   -2.1  23.4   1   3     0.013     0.013    0.0   0.8    63   162    23   132    21   136 0.69 -
COG0172              -            477 301-92_KLEHDADP_00867 -            574     0.059   -2.1  23.4   2   3    0.0013    0.0013    3.4  13.7    54   157   136   235    84   313 0.71 -
COG0172              -            477 301-92_KLEHDADP_00867 -            574     0.059   -2.1  23.4   3   3     0.017     0.017   -0.3   0.2   121   174   417   480   362   519 0.64 -
COG0172              -            477 301-92_KLEHDADP_01364 -            417   0.00044    4.9  11.7   1   2   0.00014   0.00014    6.6   2.4    53   138    39   121     2   141 0.62 -
COG0172              -            477 301-92_KLEHDADP_01364 -            417   0.00044    4.9  11.7   2   2    0.0011    0.0011    3.6   2.0   106   160   300   354   298   364 0.84 -
COG0172              -            477 301-92_KLEHDADP_01390 -            236     0.011    0.3  26.2   1   2    0.0027    0.0027    2.3  15.7    95   186    23   108     4   126 0.68 -
COG0172              -            477 301-92_KLEHDADP_01390 -            236     0.011    0.3  26.2   2   2    0.0053    0.0053    1.3   6.9    30   137   120   224    98   236 0.58 -
COG0172              -            477 301-92_KLEHDADP_01836 -            597     2e-23   68.7   0.1   1   1   3.6e-23   3.6e-23   67.8   0.1   189   366   181   362   149   367 0.88 -
COG0172              -            477 301-92_KLEHDADP_02169 -            286   3.2e-05    8.6   7.0   1   1   4.7e-05   4.7e-05    8.1   7.0    57   150    87   183    17   208 0.47 -
COG0172              -            477 301-92_KLEHDADP_02867 -            493   4.2e-10   24.8   0.2   1   2   6.9e-10   6.9e-10   24.0   0.0   233   455    53   293    22   333 0.76 -
COG0172              -            477 301-92_KLEHDADP_02867 -            493   4.2e-10   24.8   0.2   2   2      0.13      0.13   -3.3   0.0   104   115   397   408   355   461 0.52 -
COG0172              -            477 301-92_KLEHDADP_03019 -            423  1.9e-179  583.2   0.0   1   1  2.3e-179  2.3e-179  582.9   0.0    52   473     1   421     1   422 0.98 -
COG0172              -            477 301-92_KLEHDADP_03083 -            476   1.5e-07   16.3   0.6   1   2   4.1e-07   4.1e-07   14.9   0.0   232   316    54   148    50   208 0.92 -
COG0172              -            477 301-92_KLEHDADP_03083 -            476   1.5e-07   16.3   0.6   2   2     0.027     0.027   -1.0   0.3    92   152   380   441   343   467 0.48 -
COG0172              -            477 301-92_KLEHDADP_03334 -            436   1.9e-05    9.4   2.1   1   2     1e-05     1e-05   10.3   0.1   225   321    20   122    15   125 0.82 -
COG0172              -            477 301-92_KLEHDADP_03334 -            436   1.9e-05    9.4   2.1   2   2      0.14      0.14   -3.3   0.2   409   409   390   390   334   428 0.48 -
COG0172              -            477 301-92_KLEHDADP_03438 -            759    0.0046    1.5  18.2   1   2     0.047     0.047   -1.8   0.7    84   145   248   271   125   354 0.55 -
COG0172              -            477 301-92_KLEHDADP_03438 -            759    0.0046    1.5  18.2   2   2   9.9e-05   9.9e-05    7.0  10.8    62   168   474   587   444   653 0.54 -
COG0172              -            477 301-92_KLEHDADP_03810 -            576   3.2e-09   21.9   0.1   1   2   7.2e-09   7.2e-09   20.7   0.0   189   377   173   359    49   371 0.85 -
COG0172              -            477 301-92_KLEHDADP_03810 -            576   3.2e-09   21.9   0.1   2   2     0.067     0.067   -2.3   0.0   130   182   496   553   487   568 0.53 -
COG0172              -            477 301-92_KLEHDADP_03826 -            472   3.8e-09   21.6   0.0   1   1   9.4e-09   9.4e-09   20.3   0.0   240   306    58   134    51   135 0.87 -
COG0172              -            477 301-92_KLEHDADP_04765 -            428  4.5e-149  483.0   0.0   1   1  5.5e-149  5.5e-149  482.7   0.0    52   472     1   423     1   427 0.98 -
COG0172              -            477 301-92_KLEHDADP_05169 -            513   6.6e-10   24.1   0.9   1   2      0.04      0.04   -1.6   1.0    99   149   108   157    78   196 0.51 -
COG0172              -            477 301-92_KLEHDADP_05169 -            513   6.6e-10   24.1   0.9   2   2   1.8e-09   1.8e-09   22.7   0.0   277   466   213   412   190   423 0.81 -
COG0172              -            477 301-92_KLEHDADP_05249 -            423  8.8e-192  623.8   0.0   1   1  9.8e-192  9.8e-192  623.7   0.0    52   472     1   421     1   423 0.98 -
COG0172              -            477 301-92_KLEHDADP_06544 -            763         1   -9.2  51.1   1   3    0.0078    0.0078    0.8   8.0    81   150   166   239    84   255 0.61 -
COG0172              -            477 301-92_KLEHDADP_06544 -            763         1   -9.2  51.1   2   3    0.0026    0.0026    2.3   9.1    66   154   232   321   230   324 0.76 -
COG0172              -            477 301-92_KLEHDADP_06544 -            763         1   -9.2  51.1   3   3      0.28      0.28   -4.4  22.5    53   151   330   452   322   554 0.73 -
COG0172              -            477 301-92_KLEHDADP_06681 -            424  1.1e-191  623.6   0.0   1   1  1.2e-191  1.2e-191  623.4   0.0    52   471     1   420     1   424 0.98 -
COG0172              -            477 301-92_KLEHDADP_07615 -            425  3.4e-149  483.4   0.0   1   1  4.2e-149  4.2e-149  483.1   0.0    52   473     1   421     1   424 0.97 -
COG0172              -            477 301-92_KLEHDADP_07748 -            648   8.4e-16   43.5   0.2   1   1   1.4e-15   1.4e-15   42.8   0.2   187   366   238   417   195   431 0.87 -
COG0172              -            477 301-92_KLEHDADP_08646 -            250   2.2e-07   15.7  24.7   1   2   3.2e-07   3.2e-07   15.3   7.7    63   158    22   118     3   125 0.64 -
COG0172              -            477 301-92_KLEHDADP_08646 -            250   2.2e-07   15.7  24.7   2   2   0.00036   0.00036    5.2  10.1    79   155   128   215   116   235 0.63 -
COG0172              -            477 301-92_KLEHDADP_09639 -            241     4e-05    8.3   8.3   1   1   5.2e-05   5.2e-05    8.0   8.3    61   153    96   168    33   213 0.52 -
COG0172              -            477 301-92_KLEHDADP_09976 -            605         1  -12.9  65.0   1   4     0.093     0.093   -2.8   9.2    78   138    18    75     8   134 0.55 -
COG0172              -            477 301-92_KLEHDADP_09976 -            605         1  -12.9  65.0   2   4         1         1  -14.4  34.5    32   181   122   281   101   350 0.56 -
COG0172              -            477 301-92_KLEHDADP_09976 -            605         1  -12.9  65.0   3   4    0.0013    0.0013    3.4   6.8    79   173   290   384   266   396 0.49 -
COG0172              -            477 301-92_KLEHDADP_09976 -            605         1  -12.9  65.0   4   4     0.027     0.027   -1.0  12.6    81   238   393   570   351   575 0.55 -
COG0172              -            477 301-92_KLEHDADP_09985 -            465   7.6e-06   10.7   0.0   1   1   1.1e-05   1.1e-05   10.2   0.0   271   406   155   300   147   373 0.76 -
COG0172              -            477 301-92_KLEHDADP_10357 -            276   8.7e-07   13.8   3.5   1   2     2e-05     2e-05    9.3   0.3    55   151    53   162    10   182 0.51 -
COG0172              -            477 301-92_KLEHDADP_10357 -            276   8.7e-07   13.8   3.5   2   2   0.00026   0.00026    5.7   0.2   116   162   212   256   183   269 0.61 -
COG0172              -            477 301-92_KLEHDADP_10627 -            582   5.9e-19   53.9   0.0   1   1   1.3e-18   1.3e-18   52.9   0.0   187   362   185   357   148   362 0.82 -
COG0172              -            477 301-92_KLEHDADP_11219 -            589   2.5e-20   58.5   0.2   1   1     4e-20     4e-20   57.8   0.2   187   366   185   362   154   404 0.84 -
COG0172              -            477 301-92_KLEHDADP_11709 -            581   6.6e-17   47.2   0.5   1   1     1e-16     1e-16   46.6   0.5   189   374   185   365   142   391 0.81 -
COG0172              -            477 301-92_KLEHDADP_11944 -            582     1e-15   43.3   0.1   1   1   1.4e-15   1.4e-15   42.8   0.1   187   353   177   339   148   353 0.84 -
COG0172              -            477 301-92_KLEHDADP_12202 -            413  3.8e-151  489.8   0.0   1   1  4.3e-151  4.3e-151  489.7   0.0    52   473     1   413     1   413 0.97 -
COG0172              -            477 301-92_KLEHDADP_12331 -            619   1.2e-19   56.3   0.0   1   2     2e-18     2e-18   52.2   0.0   214   384    37   208    32   211 0.91 -
COG0172              -            477 301-92_KLEHDADP_12331 -            619   1.2e-19   56.3   0.0   2   2    0.0043    0.0043    1.6   0.0   435   452   479   496   451   525 0.79 -
COG0172              -            477 301-92_KLEHDADP_12571 -            117   7.8e-06   10.7   5.8   1   1     9e-06     9e-06   10.5   5.8    81   160    16   102     2   107 0.55 -
COG0172              -            477 301-92_KLEHDADP_13109 -            400   2.6e-05    9.0  11.0   1   1   3.3e-05   3.3e-05    8.6  11.0    81   157    32   114     2   145 0.63 -
COG0172              -            477 301-92_KLEHDADP_13288 -            333   1.3e-06   13.3   1.5   1   1   1.7e-06   1.7e-06   12.8   1.5    46   153   141   245    96   261 0.75 -
COG0172              -            477 301-92_KLEHDADP_13845 -            380    0.0047    1.5  24.7   1   2   5.7e-05   5.7e-05    7.8   5.1    97   161    42   110    34   133 0.57 -
COG0172              -            477 301-92_KLEHDADP_13845 -            380    0.0047    1.5  24.7   2   2     0.026     0.026   -1.0  12.2    71   148   155   241   126   248 0.67 -
COG0172              -            477 301-92_KLEHDADP_14496 -            643   5.1e-20   57.4   0.1   1   1   9.7e-20   9.7e-20   56.5   0.1   167   366   203   414   104   425 0.77 -
COG0172              -            477 301-92_KLEHDADP_14543 -            581   2.4e-19   55.2   0.4   1   1   3.9e-19   3.9e-19   54.5   0.4   186   375   182   366   144   381 0.84 -
COG0172              -            477 301-92_KLEHDADP_14589 -            249   0.00016    6.4  20.1   1   2    0.0097    0.0097    0.5   0.0   424   459    57    94    52   105 0.88 -
COG0172              -            477 301-92_KLEHDADP_14589 -            249   0.00016    6.4  20.1   2   2   0.00047   0.00047    4.8  19.5    47   165   118   241    80   249 0.65 -
COG0172              -            477 301-92_KLEHDADP_15017 -            432   1.3e-10   26.4   0.0   1   1   1.7e-10   1.7e-10   26.0   0.0   300   456   166   325   122   349 0.80 -
COG0172              -            477 301-92_KLEHDADP_15070 -            653   1.8e-15   42.4   0.0   1   1   2.6e-15   2.6e-15   41.9   0.0   186   365   227   416   134   421 0.84 -
COG0172              -            477 301-92_KLEHDADP_15295 -            456   0.00041    5.0  21.8   1   2    0.0018    0.0018    2.9   6.9    11   145   120   264   109   281 0.48 -
COG0172              -            477 301-92_KLEHDADP_15295 -            456   0.00041    5.0  21.8   2   2   0.00016   0.00016    6.4  13.5    19   163   241   395   225   422 0.59 -
COG0172              -            477 301-92_KLEHDADP_15748 -            476   4.2e-10   24.7   0.0   1   1   6.8e-10   6.8e-10   24.1   0.0   234   458    54   282    47   291 0.81 -
COG0172              -            477 301-92_KLEHDADP_16759 -            575   3.6e-19   54.6   0.1   1   2   3.2e-14   3.2e-14   38.3   0.0   228   383    51   207    37   210 0.89 -
COG0172              -            477 301-92_KLEHDADP_16759 -            575   3.6e-19   54.6   0.1   2   2   6.3e-07   6.3e-07   14.3   0.0   406   473   419   484   406   503 0.83 -
COG0172              -            477 301-92_KLEHDADP_16881 -            766   0.00028    5.5  13.3   1   1    0.0005    0.0005    4.7  12.7    65   154    45   135    29   152 0.68 -
COG0172              -            477 301-92_KLEHDADP_17227 -            514   4.4e-07   14.8   0.0   1   2     0.016     0.016   -0.2   0.9    81   115   124   160    70   189 0.55 -
COG0172              -            477 301-92_KLEHDADP_17227 -            514   4.4e-07   14.8   0.0   2   2   4.4e-07   4.4e-07   14.8   0.0   276   415   207   349   182   416 0.66 -
COG0172              -            477 301-92_KLEHDADP_17231 -            555   0.00087    3.9  12.8   1   2     0.024     0.024   -0.8   0.2   101   178   133   214    95   238 0.60 -
COG0172              -            477 301-92_KLEHDADP_17231 -            555   0.00087    3.9  12.8   2   2   0.00012   0.00012    6.8   7.6    42   154   262   374   227   382 0.69 -
COG0172              -            477 301-92_KLEHDADP_17406 -            422  2.4e-205  668.6   0.1   1   1  2.6e-205  2.6e-205  668.4   0.1    52   474     1   422     1   422 0.98 -
COG0172              -            477 301-92_KLEHDADP_17486 -            581   3.7e-20   57.9   0.5   1   1   7.5e-20   7.5e-20   56.9   0.5   190   375   176   366   145   379 0.82 -
COG0172              -            477 301-92_KLEHDADP_17569 -            434  3.9e-133  430.5   0.2   1   1    6e-133    6e-133  429.8   0.2    52   471     1   433     1   434 0.97 -
COG0172              -            477 301-92_KLEHDADP_17620 -            493   1.1e-10   26.6   0.0   1   1   1.7e-10   1.7e-10   26.1   0.0   230   394    51   235    19   311 0.73 -
COG0172              -            477 301-92_KLEHDADP_18488 -            472     4e-07   14.9   0.0   1   1     5e-07     5e-07   14.6   0.0   286   449   184   350    72   381 0.80 -
COG0172              -            477 301-92_KLEHDADP_18807 -            386    0.0058    1.2  28.4   1   2   1.2e-05   1.2e-05   10.0   8.1    82   164    34   106    24   149 0.55 -
COG0172              -            477 301-92_KLEHDADP_18807 -            386    0.0058    1.2  28.4   2   2      0.11      0.11   -3.0  12.4    76   152   161   238   135   245 0.67 -
COG0172              -            477 301-92_KLEHDADP_19233 -            556   5.9e-19   53.9   0.0   1   1   9.1e-19   9.1e-19   53.3   0.0   186   375   151   346   132   358 0.88 -
COG0172              -            477 301-92_KLEHDADP_19598 -            617   0.00021    5.9  12.1   1   1   0.00042   0.00042    5.0  12.1    53   151   481   581   441   604 0.74 -
COG0172              -            477 301-92_KLEHDADP_20972 -            403  1.2e-132  428.8   0.0   1   1  8.5e-132  8.5e-132  426.0   0.0    52   473     1   402     1   403 0.97 -
COG0172              -            477 301-92_KLEHDADP_21129 -            419   8.4e-06   10.6   0.1   1   1   1.3e-05   1.3e-05    9.9   0.1   242   322    34   121    21   127 0.71 -
COG0172              -            477 301-92_KLEHDADP_21213 -           1673         1  -23.8  60.2   1   6     0.012     0.012    0.1   0.4   103   165   130   194    99   227 0.46 -
COG0172              -            477 301-92_KLEHDADP_21213 -           1673         1  -23.8  60.2   2   6     0.014     0.014   -0.0   5.4    69   135   571   633   470   685 0.52 -
COG0172              -            477 301-92_KLEHDADP_21213 -           1673         1  -23.8  60.2   3   6     0.049     0.049   -1.9   0.3    53   115   766   832   702   958 0.57 -
COG0172              -            477 301-92_KLEHDADP_21213 -           1673         1  -23.8  60.2   4   6     0.095     0.095   -2.8   0.2    43    86  1074  1114  1060  1131 0.65 -
COG0172              -            477 301-92_KLEHDADP_21213 -           1673         1  -23.8  60.2   5   6         1         1   -6.6   8.5    84   141  1239  1304  1158  1374 0.51 -
COG0172              -            477 301-92_KLEHDADP_21213 -           1673         1  -23.8  60.2   6   6   8.8e-05   8.8e-05    7.2  13.3    53   156  1558  1661  1505  1673 0.54 -
COG0172              -            477 301-92_KLEHDADP_21565 -            495   7.9e-10   23.8   0.0   1   1   1.1e-09   1.1e-09   23.4   0.0   232   457    52   296    24   330 0.77 -
COG0172              -            477 301-92_KLEHDADP_23987 -            709         1  -17.0  97.0   1   6    0.0078    0.0078    0.8   8.9    69   142    49   122    15   140 0.49 -
COG0172              -            477 301-92_KLEHDADP_23987 -            709         1  -17.0  97.0   2   6     0.004     0.004    1.7  12.5    85   150   171   268   144   274 0.61 -
COG0172              -            477 301-92_KLEHDADP_23987 -            709         1  -17.0  97.0   3   6      0.21      0.21   -3.9  19.0    65   164   264   365   257   406 0.59 -
COG0172              -            477 301-92_KLEHDADP_23987 -            709         1  -17.0  97.0   4   6     0.032     0.032   -1.3   7.6    76   145   368   439   353   462 0.58 -
COG0172              -            477 301-92_KLEHDADP_23987 -            709         1  -17.0  97.0   5   6     0.026     0.026   -0.9  17.8    70   157   473   568   433   598 0.58 -
COG0172              -            477 301-92_KLEHDADP_23987 -            709         1  -17.0  97.0   6   6    0.0047    0.0047    1.5  12.6    75   152   612   697   566   705 0.48 -
COG0172              -            477 301-92_KLEHDADP_24221 -            290   1.1e-05   10.2   0.1   1   1   1.7e-05   1.7e-05    9.5   0.1   401   458     5    63     4    73 0.78 -
COG0172              -            477 301-92_KLEHDADP_26149 -            417   0.00025    5.7   7.0   1   2   7.6e-05   7.6e-05    7.4   2.0    82   146    73   135    61   141 0.77 -
COG0172              -            477 301-92_KLEHDADP_26149 -            417   0.00025    5.7   7.0   2   2    0.0075    0.0075    0.8   0.2   122   157   318   353   302   401 0.62 -
COG0172              -            477 301-92_KLEHDADP_26643 -            890         1  -24.8 103.2   1   5         1         1   -7.3  16.3    32   143   192   303    92   312 0.43 -
COG0172              -            477 301-92_KLEHDADP_26643 -            890         1  -24.8 103.2   2   5         1         1   -8.3  24.6    39   154   306   439   275   467 0.48 -
COG0172              -            477 301-92_KLEHDADP_26643 -            890         1  -24.8 103.2   3   5    0.0024    0.0024    2.4  14.0    59   164   469   582   439   595 0.68 -
COG0172              -            477 301-92_KLEHDADP_26643 -            890         1  -24.8 103.2   4   5     0.017     0.017   -0.4  21.5    51   159   606   729   571   735 0.49 -
COG0172              -            477 301-92_KLEHDADP_26643 -            890         1  -24.8 103.2   5   5    0.0017    0.0017    2.9   9.3    75   165   724   828   716   855 0.59 -
COG0172              -            477 301-92_KLEHDADP_26696 -            493   3.1e-08   18.6   0.0   1   1   3.9e-08   3.9e-08   18.3   0.0   233   363    53   203    21   304 0.84 -
COG0172              -            477 301-92_KLEHDADP_27301 -            296   8.8e-06   10.5   7.6   1   1   1.1e-05   1.1e-05   10.1   7.6    38   153    84   204    41   232 0.51 -
COG0172              -            477 301-92_KLEHDADP_28138 -            515   4.2e-07   14.9   0.5   1   1   9.4e-07   9.4e-07   13.7   0.1   278   465   213   410   186   416 0.75 -
COG0172              -            477 301-92_KLEHDADP_28784 -            352         1  -12.8  52.3   1   2         1         1  -11.5  24.0    58   150    73   165    56   175 0.40 -
COG0172              -            477 301-92_KLEHDADP_28784 -            352         1  -12.8  52.3   2   2    0.0034    0.0034    1.9  25.6    67   155   164   249   155   282 0.74 -
COG0172              -            477 301-92_KLEHDADP_28792 -            548       0.9   -6.0  25.4   1   1         1         1   -7.3  25.5    42   164   251   379   204   395 0.56 -
COG0172              -            477 301-92_KLEHDADP_28828 -            555   0.00048    4.8  33.4   1   2     0.014     0.014   -0.1  12.7    57   153   156   248   132   260 0.52 -
COG0172              -            477 301-92_KLEHDADP_28828 -            555   0.00048    4.8  33.4   2   2   7.4e-06   7.4e-06   10.7  12.7    37   145   283   391   256   415 0.74 -
COG0172              -            477 301-92_KLEHDADP_29991 -            423  9.9e-191  620.4   0.0   1   1  1.1e-190  1.1e-190  620.2   0.0    52   471     1   420     1   423 0.98 -
COG0172              -            477 301-92_KLEHDADP_30290 -            379      0.19   -3.8  24.6   1   1         1         1   -9.3  24.6    66   154    38   178    25   238 0.61 -
COG0172              -            477 301-92_KLEHDADP_31168 -            552     5e-05    8.0  14.0   1   2      0.01      0.01    0.4   2.8    81   147   149   218   116   237 0.58 -
COG0172              -            477 301-92_KLEHDADP_31168 -            552     5e-05    8.0  14.0   2   2     2e-06     2e-06   12.6   3.5    31   156   252   374   230   389 0.71 -
COG0172              -            477 301-92_KLEHDADP_31571 -            424  3.8e-152  493.1   0.3   1   1  5.5e-152  5.5e-152  492.6   0.3    52   473     1   423     1   424 0.96 -
COG0172              -            477 301-92_KLEHDADP_32318 -            848     0.013    0.0  15.0   1   2    0.0024    0.0024    2.5   2.0   120   169    45    94     3   123 0.54 -
COG0172              -            477 301-92_KLEHDADP_32318 -            848     0.013    0.0  15.0   2   2     0.013     0.013    0.1   9.0    54   154   110   209    94   239 0.51 -
COG0172              -            477 301-92_KLEHDADP_33010 -            503         1  -33.0  99.0   1   5      0.86      0.86   -6.0  21.4    54   175    24   142     2   150 0.57 -
COG0172              -            477 301-92_KLEHDADP_33010 -            503         1  -33.0  99.0   2   5         1         1  -11.8  25.5    54   176   148   309   132   321 0.56 -
COG0172              -            477 301-92_KLEHDADP_33010 -            503         1  -33.0  99.0   3   5     0.087     0.087   -2.7  12.4    98   154   254   308   241   348 0.31 -
COG0172              -            477 301-92_KLEHDADP_33010 -            503         1  -33.0  99.0   4   5         1         1   -7.6  21.6    60   143   330   414   310   429 0.37 -
COG0172              -            477 301-92_KLEHDADP_33010 -            503         1  -33.0  99.0   5   5     0.035     0.035   -1.4  21.4    67   152   409   493   392   501 0.66 -
COG0172              -            477 301-92_KLEHDADP_33488 -            516   1.8e-09   22.6   0.1   1   1   3.5e-09   3.5e-09   21.7   0.0   276   466   208   412   155   422 0.81 -
COG0172              -            477 301-92_KLEHDADP_34139 -             98   5.1e-06   11.3   3.3   1   1   5.6e-06   5.6e-06   11.1   3.3    86   156    11    83     4    93 0.82 -
COG0172              -            477 301-92_KLEHDADP_34192 -            589     7e-17   47.1   0.0   1   2   3.4e-13   3.4e-13   34.9   0.0   220   386    43   210    28   217 0.85 -
COG0172              -            477 301-92_KLEHDADP_34192 -            589     7e-17   47.1   0.0   2   2   1.3e-05   1.3e-05    9.9   0.0   419   466   442   487   430   500 0.81 -
COG0172              -            477 301-92_KLEHDADP_34950 -            506         1   -6.9  37.9   1   3      0.02      0.02   -0.6  15.7    25   166    39   180     5   203 0.52 -
COG0172              -            477 301-92_KLEHDADP_34950 -            506         1   -6.9  37.9   2   3    0.0016    0.0016    3.1   9.0    59   149   214   306   182   330 0.67 -
COG0172              -            477 301-92_KLEHDADP_34950 -            506         1   -6.9  37.9   3   3     0.063     0.063   -2.2   0.3    94   145   448   499   417   503 0.57 -
COG0172              -            477 301-92_KLEHDADP_35385 -            459  8.6e-187  607.4   0.0   1   1    1e-186    1e-186  607.1   0.0    52   474     1   450     1   456 0.97 -
COG0172              -            477 301-92_KLEHDADP_39657 -            121   3.6e-07   15.1   1.1   1   1   4.1e-07   4.1e-07   14.9   1.1    70   148    29   110    15   117 0.74 -
COG0172              -            477 301-92_KLEHDADP_40269 -            602   1.2e-15   43.0   0.3   1   1   1.8e-15   1.8e-15   42.4   0.3   187   366   192   371   145   387 0.86 -
COG0172              -            477 301-92_KLEHDADP_40682 -            569   2.2e-19   55.3   0.0   1   2   9.5e-18   9.5e-18   50.0   0.0   224   381    47   205    33   211 0.92 -
COG0172              -            477 301-92_KLEHDADP_40682 -            569   2.2e-19   55.3   0.0   2   2    0.0015    0.0015    3.1   0.0   411   465   416   468   404   480 0.75 -
COG0172              -            477 301-92_KLEHDADP_41072 -            327    0.0066    1.0  59.5   1   2     0.002     0.002    2.7  15.4    61   157    43   143    24   145 0.56 -
COG0172              -            477 301-92_KLEHDADP_41072 -            327    0.0066    1.0  59.5   2   2         1         1   -7.5  40.1    44   165   188   309   120   324 0.55 -
COG0172              -            477 301-92_KLEHDADP_41161 -            428  3.5e-162  526.2   0.0   1   1  4.2e-162  4.2e-162  526.0   0.0    52   474     1   424     1   427 0.95 -
COG0172              -            477 301-92_KLEHDADP_42565 -            137   2.5e-05    9.0   2.1   1   1   3.1e-05   3.1e-05    8.7   2.1    73   152    45   124    27   131 0.53 -
COG0172              -            477 301-92_KLEHDADP_42821 -            767         1  -19.4  53.0   1   3         1         1   -8.5  25.0    44   166   115   297    66   376 0.72 -
COG0172              -            477 301-92_KLEHDADP_42821 -            767         1  -19.4  53.0   2   3         1         1   -7.4  14.2    53   144   396   488   329   518 0.40 -
COG0172              -            477 301-92_KLEHDADP_42821 -            767         1  -19.4  53.0   3   3      0.51      0.51   -5.2  11.4    44   142   491   583   461   612 0.50 -
COG0172              -            477 301-92_KLEHDADP_44279 -            192   5.8e-06   11.1   1.9   1   1   6.9e-06   6.9e-06   10.8   1.9    63   154     9   101     1   125 0.82 -
COG0172              -            477 301-92_KLEHDADP_45051 -            816         1  -13.6  35.9   1   3    0.0018    0.0018    2.9   1.0   103   169   146   212   128   220 0.78 -
COG0172              -            477 301-92_KLEHDADP_45051 -            816         1  -13.6  35.9   2   3         1         1  -10.8  12.9   103   149   328   374   316   470 0.49 -
COG0172              -            477 301-92_KLEHDADP_45051 -            816         1  -13.6  35.9   3   3     0.034     0.034   -1.3  12.9   100   153   484   535   414   557 0.57 -
COG0172              -            477 301-92_KLEHDADP_45310 -            427  9.9e-153  495.1   0.0   1   1  1.1e-152  1.1e-152  494.9   0.0    52   473     1   421     1   426 0.96 -
COG0172              -            477 301-92_KLEHDADP_45881 -            406   0.00043    4.9  38.0   1   2    0.0029    0.0029    2.2   7.2    81   153    19    95    14   105 0.66 -
COG0172              -            477 301-92_KLEHDADP_45881 -            406   0.00043    4.9  38.0   2   2   0.00013   0.00013    6.7  27.0    19   177    90   250    81   272 0.69 -
COG0172              -            477 301-92_KLEHDADP_46625 -            493   0.00058    4.5  20.2   1   2    0.0038    0.0038    1.8   3.3    53   145    88   174    45   204 0.53 -
COG0172              -            477 301-92_KLEHDADP_46625 -            493   0.00058    4.5  20.2   2   2   0.00011   0.00011    6.9  11.2    32   153   192   311   166   321 0.68 -
COG0172              -            477 301-92_KLEHDADP_48314 -            523   3.8e-16   44.7   0.1   1   1   5.7e-16   5.7e-16   44.1   0.1   187   366   113   292    68   303 0.85 -
COG0172              -            477 301-92_KLEHDADP_48416 -            905         1  -15.7 113.6   1   5         1         1   -7.9  26.6    61   153   393   492   357   498 0.43 -
COG0172              -            477 301-92_KLEHDADP_48416 -            905         1  -15.7 113.6   2   5         1         1  -14.5  44.1    56   157   453   552   433   615 0.60 -
COG0172              -            477 301-92_KLEHDADP_48416 -            905         1  -15.7 113.6   3   5     5e-05     5e-05    8.0  26.0    53   153   588   687   557   690 0.88 -
COG0172              -            477 301-92_KLEHDADP_48416 -            905         1  -15.7 113.6   4   5     0.018     0.018   -0.4  25.3    79   173   672   777   669   796 0.71 -
COG0172              -            477 301-92_KLEHDADP_48416 -            905         1  -15.7 113.6   5   5      0.18      0.18   -3.7   1.6    91   139   821   870   813   891 0.45 -
COG0172              -            477 301-92_KLEHDADP_48800 -            450   4.7e-06   11.4   0.1   1   1     7e-06     7e-06   10.8   0.1   289   447   159   321   121   342 0.73 -
COG0172              -            477 301-92_KLEHDADP_49249 -            547         1  -12.9  77.7   1   4    0.0075    0.0075    0.8  15.0    56   152    65   162    10   166 0.46 -
COG0172              -            477 301-92_KLEHDADP_49249 -            547         1  -12.9  77.7   2   4     0.053     0.053   -2.0  20.5    55   156   132   235   109   257 0.66 -
COG0172              -            477 301-92_KLEHDADP_49249 -            547         1  -12.9  77.7   3   4    0.0004    0.0004    5.0  15.2    64   160   267   361   250   373 0.70 -
COG0172              -            477 301-92_KLEHDADP_49249 -            547         1  -12.9  77.7   4   4         1         1   -7.0  17.2    36   147   376   509   348   534 0.45 -
COG0172              -            477 301-92_KLEHDADP_51107 -            648   5.6e-15   40.8   0.1   1   1   9.2e-15   9.2e-15   40.1   0.1   188   365   239   416   214   422 0.86 -
COG0172              -            477 301-92_KLEHDADP_51241 -            455     2e-15   42.3   0.2   1   2     2e-15     2e-15   42.3   0.2   186   366    29   219     6   239 0.80 -
COG0172              -            477 301-92_KLEHDADP_51241 -            455     2e-15   42.3   0.2   2   2     0.035     0.035   -1.4   0.3   127   186   363   427   351   445 0.64 -
COG0172              -            477 301-92_KLEHDADP_51535 -            833         1  -22.1  96.7   1   4         1         1  -16.7  33.8    64   180   306   424   233   446 0.48 -
COG0172              -            477 301-92_KLEHDADP_51535 -            833         1  -22.1  96.7   2   4    0.0018    0.0018    2.9  17.3    66   152   437   515   410   517 0.56 -
COG0172              -            477 301-92_KLEHDADP_51535 -            833         1  -22.1  96.7   3   4   0.00018   0.00018    6.2  10.9    86   180   508   604   503   637 0.80 -
COG0172              -            477 301-92_KLEHDADP_51535 -            833         1  -22.1  96.7   4   4         1         1  -10.5  22.9    87   182   682   781   659   820 0.44 -
COG0172              -            477 301-92_KLEHDADP_52119 -            493   1.2e-09   23.2   0.0   1   1   2.4e-09   2.4e-09   22.2   0.0   232   316    52   160    20   208 0.81 -
COG0172              -            477 301-92_KLEHDADP_52397 -            590         1  -27.4  79.8   1   4       0.1       0.1   -2.9   0.0   131   158    36    63    26    82 0.53 -
COG0172              -            477 301-92_KLEHDADP_52397 -            590         1  -27.4  79.8   2   4         1         1  -11.6  34.8    39   176   134   290    94   292 0.50 -
COG0172              -            477 301-92_KLEHDADP_52397 -            590         1  -27.4  79.8   3   4         1         1  -11.0  30.6    75   181   230   331   219   356 0.54 -
COG0172              -            477 301-92_KLEHDADP_52397 -            590         1  -27.4  79.8   4   4      0.66      0.66   -5.6  24.0    59   179   334   460   330   490 0.71 -
COG0172              -            477 301-92_KLEHDADP_54107 -            575   6.2e-15   40.7   0.0   1   2     3e-13     3e-13   35.1   0.1   222   381    51   211    34   218 0.89 -
COG0172              -            477 301-92_KLEHDADP_54107 -            575   6.2e-15   40.7   0.0   2   2    0.0013    0.0013    3.3   0.0   409   457   417   463   407   476 0.69 -
COG0172              -            477 301-92_KLEHDADP_54122 -             46   1.1e-05   10.2   0.0   1   1   1.2e-05   1.2e-05   10.0   0.0   378   403     1    27     1    28 0.89 -
COG0172              -            477 301-92_KLEHDADP_54705 -            247  1.7e-112  362.4   0.0   1   1  1.9e-112  1.9e-112  362.2   0.0   249   474     2   229     1   242 0.97 -
COG0172              -            477 301-92_KLEHDADP_54804 -            343  6.1e-147  476.0   0.0   1   1  6.8e-147  6.8e-147  475.8   0.0   133   473     2   342     1   343 0.98 -
COG0172              -            477 301-92_KLEHDADP_55741 -            647   1.1e-05   10.2   0.5   1   1   1.6e-05   1.6e-05    9.7   0.5   106   165   515   575   498   583 0.82 -
COG0172              -            477 301-92_KLEHDADP_56108 -            287   3.4e-08   18.5   0.0   1   1   4.6e-08   4.6e-08   18.0   0.0   406   472   129   193   120   211 0.81 -
COG0172              -            477 301-92_KLEHDADP_56154 -            392   8.6e-05    7.2  13.1   1   1   0.00012   0.00012    6.8  13.1    83   157    30   103    16   129 0.55 -
COG0172              -            477 301-92_KLEHDADP_57416 -            321  2.8e-132  427.6   0.0   1   1  3.1e-132  3.1e-132  427.5   0.0   161   475     2   319     1   321 0.97 -
COG0172              -            477 301-92_KLEHDADP_58508 -            423  1.6e-163  530.7   0.1   1   1  1.8e-163  1.8e-163  530.5   0.1    52   472     1   421     1   423 0.97 -
COG0172              -            477 301-92_KLEHDADP_58885 -            592   1.3e-18   52.8   0.2   1   1   2.1e-18   2.1e-18   52.1   0.2   191   373   198   375   163   391 0.86 -
COG0172              -            477 301-92_KLEHDADP_58928 -            582   1.6e-14   39.3   0.0   1   2   8.5e-13   8.5e-13   33.6   0.0   215   379    38   203    33   210 0.92 -
COG0172              -            477 301-92_KLEHDADP_58928 -            582   1.6e-14   39.3   0.0   2   2    0.0012    0.0012    3.4   0.0   411   465   417   469   406   476 0.77 -
COG0172              -            477 301-92_KLEHDADP_61040 -            398   1.9e-07   16.0   3.4   1   1   2.7e-07   2.7e-07   15.5   3.4    43   147   238   352   199   390 0.62 -
COG0172              -            477 301-92_KLEHDADP_62058 -            447     5e-15   41.0   0.1   1   1   8.2e-15   8.2e-15   40.3   0.1   187   365    38   216     9   224 0.87 -
COG0172              -            477 301-92_KLEHDADP_64520 -            183   6.3e-05    7.7   6.6   1   2   0.00015   0.00015    6.4   6.0    96   150     5    65     2    78 0.65 -
COG0172              -            477 301-92_KLEHDADP_64520 -            183   6.3e-05    7.7   6.6   2   2     0.027     0.027   -1.0   0.0   232   259    84   111    80   116 0.85 -
COG0172              -            477 301-92_KLEHDADP_65616 -            429   4.2e-05    8.2  37.0   1   2   0.00034   0.00034    5.3   9.2    71   157    33   122    24   149 0.60 -
COG0172              -            477 301-92_KLEHDADP_65616 -            429   4.2e-05    8.2  37.0   2   2   0.00011   0.00011    6.9  22.4    62   183   156   281   122   331 0.63 -
COG0172              -            477 301-92_KLEHDADP_67639 -            436  9.2e-150  485.3   0.0   1   1    1e-149    1e-149  485.1   0.0    52   474     1   433     1   436 0.95 -
COG0172              -            477 301-92_KLEHDADP_70852 -            629     3e-16   45.0   0.4   1   1   4.7e-16   4.7e-16   44.4   0.4   187   365   218   396    91   403 0.85 -
COG0172              -            477 301-92_KLEHDADP_76795 -            423   3.2e-07   15.2   1.0   1   1   4.9e-07   4.9e-07   14.6   1.0   120   183   288   374   157   403 0.69 -
COG0172              -            477 301-92_KLEHDADP_77946 -            210   1.3e-05   10.0  10.0   1   1   1.5e-05   1.5e-05    9.7  10.0    76   166    98   193    80   208 0.77 -
COG0172              -            477 301-92_KLEHDADP_78192 -            593     1e-06   13.6   1.5   1   1   2.3e-06   2.3e-06   12.4   1.5    87   175   400   512   321   535 0.71 -
COG0172              -            477 301-92_KLEHDADP_79788 -            618   4.8e-16   44.3   0.1   1   1   8.5e-16   8.5e-16   43.5   0.1   187   365   222   396    93   398 0.86 -
COG0172              -            477 301-92_KLEHDADP_80547 -            562   3.6e-20   57.9   0.2   1   1   5.6e-20   5.6e-20   57.3   0.2   186   368   151   338   124   354 0.85 -
COG0172              -            477 301-92_KLEHDADP_83706 -            353   0.00025    5.7  18.7   1   2   0.00082   0.00082    4.0   5.1    84   220    61   222     7   230 0.47 -
COG0172              -            477 301-92_KLEHDADP_83706 -            353   0.00025    5.7  18.7   2   2   0.00051   0.00051    4.7  10.4    56   161   200   317   153   352 0.46 -
COG0172              -            477 301-92_KLEHDADP_84121 -             76   1.9e-05    9.4   4.2   1   1     2e-05     2e-05    9.3   4.2    80   138    14    72     5    76 0.77 -
COG0172              -            477 301-92_KLEHDADP_85068 -            306      0.48   -5.1  38.2   1   2    0.0048    0.0048    1.5  18.4    61   144    57   140    38   149 0.65 -
COG0172              -            477 301-92_KLEHDADP_85068 -            306      0.48   -5.1  38.2   2   2     0.067     0.067   -2.3  12.3    79   141   158   236   142   302 0.54 -
COG0172              -            477 301-92_KLEHDADP_85668 -            467   2.3e-06   12.4   0.7   1   1   3.2e-06   3.2e-06   11.9   0.7    69   158   159   245    88   269 0.60 -
COG0172              -            477 301-92_KLEHDADP_86331 -            106   2.3e-17   48.7   0.1   1   1   2.6e-17   2.6e-17   48.5   0.1    52   135     1    82     1    89 0.93 -
COG0172              -            477 301-92_KLEHDADP_89410 -             89   4.8e-06   11.4   5.5   1   1   5.2e-06   5.2e-06   11.2   5.5    86   160    10    70     1    80 0.38 -
COG0172              -            477 301-92_KLEHDADP_89714 -            183   3.3e-05    8.6  21.3   1   2   0.00061   0.00061    4.4  13.2    85   150    33    95     2   103 0.69 -
COG0172              -            477 301-92_KLEHDADP_89714 -            183   3.3e-05    8.6  21.3   2   2   9.5e-05   9.5e-05    7.1   9.5    72   150    79   158    71   164 0.73 -
COG0172              -            477 301-92_KLEHDADP_91397 -            368   2.2e-06   12.5   0.0   1   1   2.9e-06   2.9e-06   12.1   0.0   298   453    86   251    44   270 0.77 -
COG0172              -            477 301-92_KLEHDADP_92046 -             67   6.8e-07   14.2   3.0   1   1   6.5e-07   6.5e-07   14.2   3.0    92   145    13    63     1    67 0.45 -
COG0172              -            477 301-92_KLEHDADP_94389 -            364     7e-16   43.8   0.0   1   1     1e-15     1e-15   43.3   0.0   228   365     3   140     1   142 0.87 -
COG0172              -            477 301-92_KLEHDADP_97424 -            282     1e-54  171.9   0.1   1   2   1.3e-24   1.3e-24   72.6   0.1   327   403    30   106    29   113 0.96 -
COG0172              -            477 301-92_KLEHDADP_97424 -            282     1e-54  171.9   0.1   2   2   4.3e-32   4.3e-32   97.3   0.0   397   470   135   209   127   228 0.91 -
COG0172              -            477 301-92_KLEHDADP_101445 -            392   1.6e-14   39.3   0.0   1   1   2.3e-14   2.3e-14   38.8   0.0   213   365     7   162     6   179 0.90 -
COG0172              -            477 301-92_KLEHDADP_102315 -            331   1.2e-06   13.3   1.6   1   1   1.6e-06   1.6e-06   12.9   1.6    47   155   184   289   138   315 0.69 -
COG0172              -            477 301-92_KLEHDADP_103740 -            130   3.8e-06   11.7   0.9   1   1   4.1e-06   4.1e-06   11.6   0.9    81   161    39   123     3   127 0.71 -
COG0172              -            477 301-92_KLEHDADP_104069 -            329   5.9e-06   11.1   0.0   1   2   0.00011   0.00011    6.8   0.0   277   317    12    52     1   118 0.77 -
COG0172              -            477 301-92_KLEHDADP_104069 -            329   5.9e-06   11.1   0.0   2   2    0.0028    0.0028    2.3   0.0   434   465   206   236   172   249 0.77 -
COG0172              -            477 301-92_KLEHDADP_108661 -            564     0.004    1.7  14.0   1   2     0.004     0.004    1.7  12.0    87   151   102   202    42   234 0.59 -
COG0172              -            477 301-92_KLEHDADP_108661 -            564     0.004    1.7  14.0   2   2      0.03      0.03   -1.2   5.6   120   151   171   202   162   303 0.60 -
COG0172              -            477 301-92_KLEHDADP_113103 -            258   4.6e-07   14.7   0.6   1   1   5.5e-07   5.5e-07   14.5   0.6    58   154   155   253    99   257 0.69 -
COG0172              -            477 301-92_KLEHDADP_116835 -            291   7.3e-07   14.1   8.5   1   1     1e-06     1e-06   13.6   8.5    31   177    29   194     3   212 0.57 -
COG0172              -            477 301-92_KLEHDADP_119943 -            282   0.00011    6.8   7.4   1   1   0.00017   0.00017    6.2   7.4    67   150    94   177    14   191 0.48 -
COG0172              -            477 301-92_KLEHDADP_120051 -            258   4.5e-06   11.5   0.8   1   1   5.9e-06   5.9e-06   11.1   0.8    88   147    36    95    26   122 0.73 -
COG0172              -            477 301-92_KLEHDADP_121773 -            473   1.3e-20   59.4   0.2   1   1   2.2e-20   2.2e-20   58.7   0.2   191   372    79   255    41   279 0.85 -
COG0172              -            477 301-92_KLEHDADP_123326 -            245  1.3e-121  392.5   0.0   1   1  1.5e-121  1.5e-121  392.2   0.0   234   474     1   241     1   244 0.98 -
COG0172              -            477 301-92_KLEHDADP_126363 -            466         1  -29.0  74.2   1   3         1         1   -6.5   9.0    91   145    83   137    50   148 0.47 -
COG0172              -            477 301-92_KLEHDADP_126363 -            466         1  -29.0  74.2   2   3         1         1  -16.4  35.1    53   152   185   261   142   347 0.38 -
COG0172              -            477 301-92_KLEHDADP_126363 -            466         1  -29.0  74.2   3   3         1         1  -10.7  31.7    47   180   310   453   269   465 0.52 -
COG0172              -            477 301-92_KLEHDADP_127530 -            292   7.4e-08   17.3   0.0   1   1   1.1e-07   1.1e-07   16.8   0.0   242   318    87   165    75   170 0.82 -
COG0172              -            477 301-92_KLEHDADP_129168 -            136   2.9e-06   12.1   6.9   1   1     3e-06     3e-06   12.0   6.9    80   158    33   115     1   126 0.70 -
COG0172              -            477 301-92_KLEHDADP_129423 -            398  1.1e-177  577.4   0.0   1   1  1.4e-177  1.4e-177  577.1   0.0    84   473     5   394     2   397 0.99 -
COG0172              -            477 301-92_KLEHDADP_129427 -             65   1.6e-05    9.6   2.8   1   1   1.6e-05   1.6e-05    9.6   2.8    97   157     4    64     1    65 0.84 -
COG0172              -            477 301-92_KLEHDADP_129852 -            414   3.2e-19   54.8   0.1   1   1   4.9e-19   4.9e-19   54.2   0.1   188   366    11   187     3   210 0.88 -
COG0172              -            477 301-92_KLEHDADP_131928 -            152   8.5e-07   13.8  12.3   1   1   1.1e-06   1.1e-06   13.5  12.3    64   180    21   140     2   150 0.76 -
COG0172              -            477 301-92_KLEHDADP_132195 -             55   6.6e-06   10.9   0.0   1   1   6.6e-06   6.6e-06   10.9   0.0   291   345     2    53     1    55 0.86 -
COG0172              -            477 301-92_KLEHDADP_136121 -            303    0.0016    3.1  17.7   1   2    0.0014    0.0014    3.2  14.8    73   151    31   108     4   196 0.64 -
COG0172              -            477 301-92_KLEHDADP_136121 -            303    0.0016    3.1  17.7   2   2     0.032     0.032   -1.3   2.4    85   116   164   195   122   259 0.40 -
COG0172              -            477 301-92_KLEHDADP_136209 -             86   0.00031    5.4   8.1   1   1   0.00035   0.00035    5.2   8.1    95   160     3    72     1    77 0.70 -
COG0172              -            477 301-92_KLEHDADP_140666 -            227   2.8e-06   12.1   7.3   1   1   3.6e-06   3.6e-06   11.8   7.3    80   170     8   102     2   107 0.76 -
COG0172              -            477 301-92_KLEHDADP_141247 -            472         1  -57.1 157.2   1   3         1         1  -52.2  89.0    27   182    67   245     1   263 0.58 -
COG0172              -            477 301-92_KLEHDADP_141247 -            472         1  -57.1 157.2   2   3         1         1  -23.3  46.7    70   182   230   343   217   377 0.40 -
COG0172              -            477 301-92_KLEHDADP_141247 -            472         1  -57.1 157.2   3   3         1         1  -10.4  43.9    51   190   312   455   303   468 0.81 -
COG0172              -            477 301-92_KLEHDADP_144191 -             77   5.5e-05    7.9   5.9   1   1   5.7e-05   5.7e-05    7.8   5.9   101   162     5    66     1    73 0.73 -
COG0172              -            477 301-92_KLEHDADP_146524 -            146   1.2e-05   10.1  10.0   1   1   1.4e-05   1.4e-05    9.9  10.0    56   160    16   116     4   129 0.68 -
COG0172              -            477 301-92_KLEHDADP_147114 -            368         1  -43.7 122.5   1   4      0.18      0.18   -3.7  17.7    88   154    21    88    14    92 0.71 -
COG0172              -            477 301-92_KLEHDADP_147114 -            368         1  -43.7 122.5   2   4         1         1  -11.3  40.9    65   181    87   207    81   214 0.71 -
COG0172              -            477 301-92_KLEHDADP_147114 -            368         1  -43.7 122.5   3   4         1         1  -21.6  48.8    35   152   190   310   172   319 0.44 -
COG0172              -            477 301-92_KLEHDADP_147114 -            368         1  -43.7 122.5   4   4         1         1  -12.6  29.0    61   144   279   362   272   368 0.38 -
COG0172              -            477 301-92_KLEHDADP_148643 -            140     0.012    0.1  20.6   1   1     0.014     0.014   -0.0  20.6    63   157     6   110     1   135 0.57 -
COG0172              -            477 301-92_KLEHDADP_150188 -            442     9e-07   13.8   0.0   1   2     0.027     0.027   -1.0   0.0   350   383    25    58    20    61 0.85 -
COG0172              -            477 301-92_KLEHDADP_150188 -            442     9e-07   13.8   0.0   2   2   3.3e-06   3.3e-06   11.9   0.0   411   466   284   337   272   354 0.72 -
COG0172              -            477 301-92_KLEHDADP_153736 -            140   2.7e-75  239.7   0.0   1   1   2.9e-75   2.9e-75  239.6   0.0   335   473     1   139     1   140 0.98 -
COG0172              -            477 301-92_KLEHDADP_156988 -             47   1.7e-17   49.1   0.0   1   1   1.7e-17   1.7e-17   49.1   0.0   431   473     1    42     1    47 0.94 -
COG0172              -            477 301-92_KLEHDADP_163405 -            308   3.8e-06   11.7   1.1   1   1   4.7e-06   4.7e-06   11.4   1.1    87   178    52   153    31   183 0.70 -
COG0172              -            477 301-92_KLEHDADP_166601 -            137   5.4e-71  225.5   0.0   1   1   5.9e-71   5.9e-71  225.4   0.0   339   470     2   134     1   137 0.97 -
COG0172              -            477 301-92_KLEHDADP_168822 -            140    0.0099    0.4  19.6   1   1     0.011     0.011    0.3  19.6    60   152    10   103     1   137 0.49 -
COG0172              -            477 301-92_KLEHDADP_169777 -            390   1.9e-19   55.5   0.1   1   1   2.8e-19   2.8e-19   55.0   0.1   186   333   225   380   186   383 0.81 -
COG0172              -            477 301-92_KLEHDADP_175195 -            154   4.4e-76  242.3   0.0   1   1   4.8e-76   4.8e-76  242.2   0.0   241   390     4   154     1   154 0.97 -
COG0172              -            477 301-92_KLEHDADP_175479 -            129   2.6e-05    9.0   5.3   1   1   3.1e-05   3.1e-05    8.7   5.3    65   131    25    91     2   106 0.52 -
COG0172              -            477 301-92_KLEHDADP_175924 -            143      0.45   -5.0  23.9   1   1      0.29      0.29   -4.4  21.4    82   153    32   103    11   130 0.55 -
COG0172              -            477 301-92_KLEHDADP_178383 -            356   5.5e-07   14.5   1.3   1   3   1.6e-06   1.6e-06   12.9   0.0   259   366     8   118     1   125 0.85 -
COG0172              -            477 301-92_KLEHDADP_178383 -            356   5.5e-07   14.5   1.3   2   3     0.016     0.016   -0.3   0.0   339   376   126   166   124   241 0.63 -
COG0172              -            477 301-92_KLEHDADP_178383 -            356   5.5e-07   14.5   1.3   3   3       0.1       0.1   -2.9   0.0   155   181   295   322   263   336 0.45 -
COG0172              -            477 301-92_KLEHDADP_184498 -            311   2.2e-06   12.5   0.3   1   1   3.5e-06   3.5e-06   11.8   0.3   302   411   107   217    95   223 0.87 -
COG0172              -            477 301-92_KLEHDADP_187366 -            203   4.3e-06   11.5   9.0   1   1   6.5e-06   6.5e-06   10.9   9.0    53   153    99   197    55   203 0.58 -
COG0172              -            477 301-92_KLEHDADP_188011 -             81   3.3e-06   11.9   4.4   1   1   3.6e-06   3.6e-06   11.8   4.4    89   148     6    66     2    74 0.84 -
COG0172              -            477 301-92_KLEHDADP_190568 -            271   6.3e-08   17.6   0.0   1   1   8.5e-08   8.5e-08   17.1   0.0   406   468   113   173   103   192 0.79 -
COG0172              -            477 301-92_KLEHDADP_190949 -            287  2.6e-118  381.6   0.0   1   1  2.8e-118  2.8e-118  381.5   0.0   195   474     2   284     1   287 0.96 -
COG0172              -            477 301-92_KLEHDADP_195768 -            183   9.9e-05    7.0  22.4   1   2   3.4e-05   3.4e-05    8.6   6.0    98   158    17    74    13    76 0.89 -
COG0172              -            477 301-92_KLEHDADP_195768 -            183   9.9e-05    7.0  22.4   2   2   0.00096   0.00096    3.8   9.7    67   160    77   173    72   178 0.69 -
COG0172              -            477 301-92_KLEHDADP_199041 -            283         1  -19.3  64.5   1   2         1         1  -10.4  31.7    53   142    17   111     2   134 0.71 -
COG0172              -            477 301-92_KLEHDADP_199041 -            283         1  -19.3  64.5   2   2      0.61      0.61   -5.5  27.3    56   180   136   259   113   280 0.71 -
COG0172              -            477 301-92_KLEHDADP_201899 -            154      0.28   -4.3  39.5   1   1      0.45      0.45   -5.0  39.5    70   188    16   135     3   153 0.72 -
COG0172              -            477 301-92_KLEHDADP_202678 -            231         1  -13.0  46.5   1   2         1         1   -9.3  21.4    81   152    42   110     9   115 0.53 -
COG0172              -            477 301-92_KLEHDADP_202678 -            231         1  -13.0  46.5   2   2      0.05      0.05   -1.9  24.0    62   149   106   194    99   230 0.63 -
COG0172              -            477 301-92_KLEHDADP_206272 -            315   9.8e-07   13.6   0.4   1   1   1.3e-06   1.3e-06   13.3   0.4    79   163   179   274   129   299 0.75 -
COG0172              -            477 301-92_KLEHDADP_208694 -            144   7.5e-06   10.7   5.6   1   1   9.1e-06   9.1e-06   10.4   5.6    89   163     7    99     2   139 0.68 -
COG0172              -            477 301-92_KLEHDADP_209667 -            181     0.054   -2.0  30.3   1   1      0.14      0.14   -3.3  30.3    19   150    23   159     4   169 0.57 -
COG0172              -            477 301-92_KLEHDADP_210736 -            328    0.0088    0.6  22.3   1   2    0.0052    0.0052    1.3   6.4    71   154    18    95    10   103 0.66 -
COG0172              -            477 301-92_KLEHDADP_210736 -            328    0.0088    0.6  22.3   2   2     0.001     0.001    3.7  10.0    69   159   100   188    92   200 0.72 -
COG0172              -            477 301-92_KLEHDADP_211281 -            201   0.00017    6.3  23.5   1   1   0.00033   0.00033    5.3  23.5    26   149    31   153     2   194 0.57 -
COG0172              -            477 301-92_KLEHDADP_215138 -            227   2.3e-06   12.4   5.8   1   1   2.6e-06   2.6e-06   12.2   5.8    53   146    51   151     9   188 0.64 -
COG0172              -            477 301-92_KLEHDADP_217989 -            302  6.2e-161  522.1   0.0   1   1  6.9e-161  6.9e-161  522.0   0.0   177   473     2   301     1   302 0.99 -
COG0172              -            477 301-92_KLEHDADP_218789 -            206   6.9e-07   14.1   6.4   1   1     8e-07     8e-07   13.9   6.4    69   182    49   165     7   187 0.71 -
COG0172              -            477 301-92_KLEHDADP_221385 -            136   4.9e-66  209.2   0.1   1   1   5.4e-66   5.4e-66  209.0   0.1   337   474     1   136     1   136 0.98 -
COG0172              -            477 301-92_KLEHDADP_222042 -            131   1.2e-05   10.0   9.6   1   1   1.4e-05   1.4e-05    9.9   9.6    75   156    42   125    10   130 0.65 -
COG0172              -            477 301-92_KLEHDADP_230020 -            170  1.2e-101  326.7   0.0   1   1  1.3e-101  1.3e-101  326.6   0.0   308   474     1   167     1   170 0.99 -
COG0172              -            477 301-92_KLEHDADP_232081 -            287  3.1e-138  447.3   0.0   1   1  3.8e-138  3.8e-138  447.0   0.0   201   473     2   286     1   287 0.96 -
COG0172              -            477 301-92_KLEHDADP_237742 -             71   3.6e-06   11.8   0.2   1   1   3.9e-06   3.9e-06   11.7   0.2   120   167    12    59     2    66 0.87 -
COG0172              -            477 301-92_KLEHDADP_241249 -             90   1.8e-05    9.4   4.4   1   1   2.1e-05   2.1e-05    9.2   4.4    75   140     6    81     2    89 0.62 -
COG0172              -            477 301-92_KLEHDADP_241806 -            199   2.7e-06   12.2   2.5   1   1   5.2e-06   5.2e-06   11.2   2.5    72   154    59   162    47   169 0.80 -
COG0172              -            477 301-92_KLEHDADP_253359 -            102   2.5e-07   15.6   0.0   1   1   2.7e-07   2.7e-07   15.5   0.0   175   258    19    97    11   102 0.83 -
COG0172              -            477 301-92_KLEHDADP_254354 -            201    0.0085    0.7  15.8   1   1     0.012     0.012    0.2  15.8    53   166    28   142     3   199 0.49 -
COG0172              -            477 301-92_KLEHDADP_254462 -             86   4.2e-06   11.5   2.0   1   1   4.7e-06   4.7e-06   11.4   2.0    87   145     8    67     3    81 0.81 -
COG0172              -            477 301-92_KLEHDADP_259197 -            104   1.7e-05    9.6   5.0   1   1   1.7e-05   1.7e-05    9.6   5.0    54   140     7    90     1   103 0.63 -
COG0172              -            477 301-92_KLEHDADP_263088 -            239   8.5e-06   10.5   0.0   1   1   1.2e-05   1.2e-05   10.0   0.0   407   467   155   213   147   222 0.84 -
COG0172              -            477 301-92_KLEHDADP_264642 -            192  7.2e-109  350.4   0.0   1   1  8.7e-109  8.7e-109  350.2   0.0   287   473     2   189     1   191 0.99 -
COG0172              -            477 301-92_KLEHDADP_276576 -            242  3.8e-136  440.4   0.0   1   1  4.3e-136  4.3e-136  440.2   0.0   234   474     1   242     1   242 0.99 -
COG0172              -            477 301-92_KLEHDADP_276702 -             83   3.2e-14   38.3   0.1   1   1   3.3e-14   3.3e-14   38.3   0.1    52   121     1    68     1    82 0.88 -
COG0172              -            477 301-92_KLEHDADP_281615 -            243  3.3e-128  414.2   0.0   1   1    4e-128    4e-128  413.9   0.0   234   472     1   241     1   242 0.98 -
COG0172              -            477 301-92_KLEHDADP_281982 -            122   7.2e-63  198.7   0.0   1   1   8.5e-63   8.5e-63  198.5   0.0   360   473     2   115     1   120 0.96 -
COG0172              -            477 301-92_KLEHDADP_281984 -            153   3.3e-06   11.9   4.7   1   1   3.6e-06   3.6e-06   11.8   4.7    82   179     4   110     1   130 0.64 -
COG0172              -            477 301-92_KLEHDADP_283242 -            177   1.7e-06   12.8   0.2   1   1   1.5e-06   1.5e-06   13.0   0.2    81   144   108   175    30   177 0.81 -
COG0172              -            477 301-92_KLEHDADP_284248 -            175   2.6e-79  253.0   0.0   1   1   2.8e-79   2.8e-79  252.9   0.0   301   472     1   173     1   175 0.96 -
COG0172              -            477 301-92_KLEHDADP_284997 -            154   3.5e-06   11.8   6.2   1   1   4.7e-06   4.7e-06   11.4   6.2    67   154     8   116     4   142 0.52 -
COG0172              -            477 301-92_KLEHDADP_285991 -             53   1.6e-16   45.9   0.0   1   1   1.7e-16   1.7e-16   45.8   0.0   350   396     2    48     1    51 0.95 -
COG0172              -            477 301-92_KLEHDADP_286827 -            206   8.5e-99  317.2   0.0   1   1   9.4e-99   9.4e-99  317.1   0.0   271   473     1   205     1   206 0.98 -
COG0172              -            477 301-92_KLEHDADP_287053 -            231   3.9e-06   11.6   6.4   1   1   3.9e-06   3.9e-06   11.6   5.5    61   160   130   225    67   229 0.66 -
COG0172              -            477 301-92_KLEHDADP_287652 -            204   2.9e-97  312.2   0.0   1   1   3.2e-97   3.2e-97  312.0   0.0   271   473     1   203     1   204 0.98 -
COG0172              -            477 301-92_KLEHDADP_297790 -             96     3e-05    8.7   6.5   1   1   2.9e-05   2.9e-05    8.8   6.5    81   145    23    84     2    96 0.42 -
COG0172              -            477 301-92_KLEHDADP_298889 -            167   1.5e-06   13.0   3.4   1   1   1.7e-06   1.7e-06   12.9   3.4    78   146    56   125    11   134 0.60 -
COG0172              -            477 301-92_KLEHDADP_299217 -             88   6.2e-07   14.3   2.2   1   1     7e-07     7e-07   14.1   2.2    96   157     3    67     1    69 0.76 -
COG0172              -            477 301-92_KLEHDADP_299830 -            182   1.1e-06   13.5   1.3   1   1   1.2e-06   1.2e-06   13.4   1.3    47   152    68   168    11   180 0.53 -
COG0172              -            477 301-92_KLEHDADP_302532 -            230   2.8e-08   18.7   0.0   1   1   4.9e-08   4.9e-08   17.9   0.0   298   365    17    81     8    89 0.90 -
COG0172              -            477 301-92_KLEHDADP_302897 -             99   6.2e-08   17.6   5.2   1   1   6.5e-08   6.5e-08   17.5   5.2    85   150     6    95     1    99 0.80 -
COG0172              -            477 301-92_KLEHDADP_306750 -            115   4.2e-52  163.2   0.0   1   1   4.5e-52   4.5e-52  163.1   0.0   358   470     2   112     1   115 0.96 -
COG0172              -            477 301-92_KLEHDADP_310334 -            147     2e-66  210.5   0.0   1   1   2.2e-66   2.2e-66  210.4   0.0   246   390     2   147     1   147 0.99 -
COG0172              -            477 301-92_KLEHDADP_314550 -            101   4.5e-06   11.5   5.2   1   1     5e-06     5e-06   11.3   5.2    86   145    12    83     4    95 0.65 -
COG0172              -            477 301-92_KLEHDADP_317947 -            174      0.13   -3.2  24.4   1   1      0.28      0.28   -4.4  24.4    33   147    24   135     2   172 0.50 -
COG0172              -            477 301-92_KLEHDADP_318121 -            156   1.9e-06   12.7   0.5   1   1   1.9e-06   1.9e-06   12.7   0.5    72   160     3   108     1   147 0.67 -
COG0172              -            477 301-92_KLEHDADP_318602 -            163   1.9e-77  246.8   0.0   1   1     2e-77     2e-77  246.7   0.0   307   467     2   162     1   163 0.98 -
COG0172              -            477 301-92_KLEHDADP_320986 -            198   2.1e-05    9.2  11.4   1   1   2.6e-05   2.6e-05    9.0  11.4    62   153   102   193    41   196 0.69 -
COG0172              -            477 301-92_KLEHDADP_321695 -            120     9e-53  165.4   0.0   1   1   9.8e-53   9.8e-53  165.3   0.0   353   473     1   119     1   120 0.97 -
COG0172              -            477 301-92_KLEHDADP_323635 -             75   0.00011    6.8  11.6   1   1   0.00011   0.00011    6.8  11.6    86   147     7    72     1    75 0.40 -
COG0172              -            477 301-92_KLEHDADP_325028 -             82   6.3e-16   43.9   2.1   1   1     7e-16     7e-16   43.8   2.1    52   125     1    75     1    81 0.87 -
COG0172              -            477 301-92_KLEHDADP_327693 -            153   3.1e-14   38.4   0.1   1   1   3.9e-14   3.9e-14   38.1   0.1   268   332     3    65     1    67 0.91 -
COG0172              -            477 301-92_KLEHDADP_332329 -            147   7.9e-07   13.9   4.6   1   1   9.6e-07   9.6e-07   13.7   4.1    59   147    40   146    23   147 0.80 -
COG0172              -            477 301-92_KLEHDADP_334988 -             97   1.2e-15   43.0   0.0   1   1   1.5e-15   1.5e-15   42.7   0.0   391   464    19    93    11    96 0.86 -
COG0172              -            477 301-92_KLEHDADP_336979 -            103     3e-06   12.0   7.7   1   1   2.9e-06   2.9e-06   12.1   7.7    69   121     6    61     1    93 0.78 -
COG0172              -            477 301-92_KLEHDADP_340327 -             97   2.5e-39  121.1   0.0   1   1   3.1e-39   3.1e-39  120.8   0.0   392   475     9    91     7    95 0.95 -
COG0172              -            477 301-92_KLEHDADP_340483 -            172   1.8e-80  256.8   0.0   1   1     2e-80     2e-80  256.7   0.0   301   469     1   167     1   172 0.98 -
COG0172              -            477 301-92_KLEHDADP_342577 -            115   1.9e-07   16.0   8.9   1   1   2.2e-07   2.2e-07   15.8   8.9    59   143    26   113     3   115 0.78 -
COG0172              -            477 301-92_KLEHDADP_343695 -            157     2e-42  131.3   0.1   1   1   2.2e-42   2.2e-42  131.2   0.1    85   238     2   156     1   157 0.95 -
COG0172              -            477 301-92_KLEHDADP_344595 -            123   1.7e-05    9.5   9.2   1   1   1.9e-05   1.9e-05    9.4   9.2    69   150    13    89     1   102 0.57 -
COG0172              -            477 301-92_KLEHDADP_344870 -             81   1.7e-06   12.9   0.1   1   1   1.9e-06   1.9e-06   12.7   0.1   346   375    22    51    17    64 0.90 -
COG0172              -            477 301-92_KLEHDADP_350032 -            131     4e-06   11.6   3.6   1   1   4.5e-06   4.5e-06   11.5   3.6    59   154    29   126     8   130 0.60 -
COG0172              -            477 301-92_KLEHDADP_354854 -            140   7.4e-06   10.8   5.1   1   1   7.8e-06   7.8e-06   10.7   5.1    79   171    18   109     1   133 0.46 -
COG0172              -            477 301-92_KLEHDADP_356831 -            129   1.4e-06   13.1   5.5   1   1   1.7e-06   1.7e-06   12.9   5.5    93   171    18    95     4   128 0.37 -
COG0172              -            477 301-92_KLEHDADP_358827 -            160   2.2e-06   12.5   0.0   1   1   2.8e-06   2.8e-06   12.1   0.0   188   216    25    53    10    61 0.86 -
COG0172              -            477 301-92_KLEHDADP_359946 -            125   0.00039    5.1  10.7   1   1    0.0004    0.0004    5.0  10.7    50   143    29   119     1   125 0.57 -
COG0172              -            477 301-92_KLEHDADP_362432 -            176   1.2e-05   10.1   6.8   1   1   1.3e-05   1.3e-05   10.0   6.8    72   164    32   120     4   159 0.72 -
COG0172              -            477 301-92_KLEHDADP_367012 -            122   8.3e-53  165.6   0.0   1   1   9.1e-53   9.1e-53  165.4   0.0   353   473     1   121     1   122 0.96 -
COG0172              -            477 301-92_KLEHDADP_367775 -            170   5.1e-05    8.0  11.8   1   1   6.4e-05   6.4e-05    7.6  11.8    52   157    12   113     1   160 0.68 -
COG0172              -            477 301-92_KLEHDADP_368653 -            177   1.9e-06   12.7   2.0   1   1   2.2e-06   2.2e-06   12.5   2.0    72   166    48   147    18   169 0.77 -
COG0172              -            477 301-92_KLEHDADP_370302 -            154     4e-64  202.9   0.0   1   1   4.7e-64   4.7e-64  202.7   0.0   326   473     1   148     1   152 0.98 -
COG0172              -            477 301-92_KLEHDADP_371017 -             82   0.00025    5.7  14.1   1   1   0.00031   0.00031    5.4  14.1    79   147    10    78     2    81 0.75 -
COG0172              -            477 301-92_KLEHDADP_376871 -             93   6.8e-06   10.9   3.3   1   1   6.6e-06   6.6e-06   10.9   3.3   102   164    13    75     1    91 0.72 -
COG0172              -            477 301-92_KLEHDADP_391683 -            142   1.8e-75  240.3   0.0   1   1   2.1e-75   2.1e-75  240.1   0.0   339   474     2   137     1   140 0.98 -
COG0172              -            477 301-92_KLEHDADP_392087 -             60   4.9e-27   80.6   0.0   1   1   5.1e-27   5.1e-27   80.5   0.0   418   473     2    58     1    60 0.95 -
COG0172              -            477 301-92_KLEHDADP_392172 -            111   6.7e-07   14.2   5.7   1   1   7.3e-07   7.3e-07   14.1   5.7    82   161     9    94     1   101 0.75 -
COG0172              -            477 301-92_KLEHDADP_395893 -            116   0.00011    6.9  12.4   1   1   0.00023   0.00023    5.8  12.4    86   155     3    80     1   116 0.69 -
COG0172              -            477 301-92_KLEHDADP_397826 -             83   2.1e-07   15.8   2.1   1   1   2.4e-07   2.4e-07   15.7   2.1    91   155     7    79     3    81 0.79 -
COG0172              -            477 301-92_KLEHDADP_398672 -             63   5.7e-28   83.7   0.0   1   1   5.9e-28   5.9e-28   83.6   0.0   415   474     1    60     1    63 0.95 -
COG0172              -            477 301-92_KLEHDADP_401269 -            126   8.3e-07   13.9   6.5   1   1     9e-07     9e-07   13.8   6.5    62   154    27   121     7   125 0.77 -
COG0172              -            477 301-92_KLEHDADP_401445 -            141     7e-07   14.1   3.7   1   1   7.6e-07   7.6e-07   14.0   3.7    91   179    25   115     5   136 0.66 -
COG0172              -            477 301-92_KLEHDADP_401521 -             86   2.5e-38  117.8   0.0   1   1   2.6e-38   2.6e-38  117.8   0.0   392   474     1    84     1    86 0.94 -
COG0172              -            477 301-92_KLEHDADP_402319 -             89     1e-32   99.3   0.0   1   1   1.1e-32   1.1e-32   99.2   0.0   392   474     3    86     3    89 0.96 -
COG0172              -            477 301-92_KLEHDADP_409545 -             73   0.00021    5.9   8.6   1   1   0.00022   0.00022    5.9   8.6    91   158     3    67     1    72 0.80 -
COG0172              -            477 301-92_KLEHDADP_414543 -            124   1.7e-05    9.6   4.0   1   1   1.8e-05   1.8e-05    9.4   4.0    65   160    28   118     4   123 0.43 -
COG0172              -            477 301-92_KLEHDADP_415997 -            138     4e-06   11.6   3.6   1   1   3.9e-06   3.9e-06   11.7   3.6    81   152    50   135     6   138 0.54 -
COG0172              -            477 301-92_KLEHDADP_420576 -             77     4e-05    8.3   8.9   1   1   4.2e-05   4.2e-05    8.3   8.9    78   137    10    70     1    76 0.71 -
COG0172              -            477 301-92_KLEHDADP_421904 -             87   1.4e-38  118.7   0.0   1   1   1.4e-38   1.4e-38  118.6   0.0   392   474     1    84     1    87 0.94 -
COG0172              -            477 301-92_KLEHDADP_421972 -             94   6.2e-40  123.1   0.0   1   1   6.7e-40   6.7e-40  123.0   0.0   378   473     1    94     1    94 0.97 -
COG0172              -            477 301-92_KLEHDADP_428188 -            120   1.7e-50  158.0   0.0   1   1   1.8e-50   1.8e-50  157.9   0.0   353   471     1   117     1   120 0.96 -
COG0172              -            477 301-92_KLEHDADP_435083 -            121   2.2e-61  193.8   0.0   1   1   2.6e-61   2.6e-61  193.6   0.0   362   473     2   114     1   118 0.97 -
COG0172              -            477 301-92_KLEHDADP_440673 -            128   9.1e-63  198.4   0.0   1   1     1e-62     1e-62  198.3   0.0   353   470     1   119     1   126 0.97 -
COG0172              -            477 301-92_KLEHDADP_444240 -             68   1.2e-26   79.3   0.0   1   1   1.3e-26   1.3e-26   79.2   0.0   415   473     1    59     1    66 0.91 -
COG0172              -            477 301-92_KLEHDADP_450687 -             84   3.1e-05    8.7   3.8   1   1   3.3e-05   3.3e-05    8.6   3.8    84   152     8    78     1    83 0.81 -
COG0172              -            477 301-92_KLEHDADP_450830 -             82   0.00019    6.1  10.8   1   1   0.00021   0.00021    5.9  10.8    90   156     2    72     1    81 0.70 -
COG0172              -            477 301-92_KLEHDADP_468100 -            101   1.8e-05    9.5   4.1   1   1   1.9e-05   1.9e-05    9.4   4.1    92   165    11    88     2    96 0.73 -
COG0172              -            477 301-92_KLEHDADP_470458 -             63   6.6e-25   73.6   0.0   1   1   6.9e-25   6.9e-25   73.5   0.0   417   473     1    56     1    62 0.92 -
COG0172              -            477 301-92_KLEHDADP_483655 -             83   1.4e-43  135.2   0.0   1   1   1.4e-43   1.4e-43  135.1   0.0   392   472     1    81     1    83 0.95 -
COG0172              -            477 301-92_KLEHDADP_488391 -             77   1.1e-40  125.6   0.0   1   1   1.2e-40   1.2e-40  125.5   0.0   392   467     1    77     1    77 0.98 -
COG0172              -            477 301-92_KLEHDADP_492510 -             51   7.1e-18   50.4   0.0   1   1   7.4e-18   7.4e-18   50.3   0.0   431   474     1    43     1    50 0.93 -
COG0172              -            477 301-92_KLEHDADP_492682 -             47   7.5e-21   60.2   0.1   1   1   7.5e-21   7.5e-21   60.2   0.1   430   474     2    44     1    47 0.94 -
COG0172              -            477 301-92_KLEHDADP_494938 -             69   3.6e-35  107.4   0.0   1   1   3.9e-35   3.9e-35  107.3   0.0   409   473     2    68     1    69 0.97 -
COG0172              -            477 301-92_KLEHDADP_495792 -             78   1.5e-29   88.9   0.0   1   1   1.7e-29   1.7e-29   88.7   0.0   329   396     1    68     1    76 0.94 -
COG0172              -            477 301-92_KLEHDADP_498625 -             72   1.3e-07   16.6   2.6   1   1   1.3e-07   1.3e-07   16.6   2.6   110   165     6    65     1    72 0.59 -
COG0172              -            477 301-92_KLEHDADP_500589 -             73   6.7e-29   86.7   0.0   1   1     7e-29     7e-29   86.7   0.0   197   268     2    72     1    73 0.96 -
COG0172              -            477 301-92_KLEHDADP_504889 -             52   4.6e-18   51.0   0.0   1   1   5.1e-18   5.1e-18   50.8   0.0   431   475     1    44     1    49 0.92 -
COG0172              -            477 301-92_KLEHDADP_507859 -             73   0.00013    6.6   7.0   1   1   0.00013   0.00013    6.6   7.0    88   153     2    71     1    73 0.72 -
COG0172              -            477 301-92_KLEHDADP_518086 -             45   1.4e-19   56.0   0.0   1   1   1.4e-19   1.4e-19   56.0   0.0   431   473     1    42     1    45 0.91 -
COG0172              -            477 301-92_KLEHDADP_518421 -             62   5.1e-24   70.6   0.0   1   1   5.7e-24   5.7e-24   70.5   0.0   418   473     2    58     1    61 0.95 -
#
# Program:         hmmscan
# Version:         3.2.1 (June 2018)
# Pipeline mode:   SCAN
# Query file:      /bucket/BourguignonU/Jigs_backup/working_files/AIMS/AIM2/tpm_functional_annotation/functional_annotation/all_prokka_outputs/all_protein_sequences_Dec2019/with_filenames/filename-301-92-prokka.faa-smallername.faa
# Target file:     /flash/BourguignonU/Jigs/blasts/COG0172.hmm
# Option settings: hmmscan -o /flash/BourguignonU/Jigs/blasts/hmmoutput-COG0172-301-92.txt --tblout /flash/BourguignonU/Jigs/blasts/hmmoutput-COG0172-persequence-301-92.txt --domtblout /flash/BourguignonU/Jigs/blasts/hmmoutput-COG0172-perdomain-301-92.txt /flash/BourguignonU/Jigs/blasts/COG0172.hmm /bucket/BourguignonU/Jigs_backup/working_files/AIMS/AIM2/tpm_functional_annotation/functional_annotation/all_prokka_outputs/all_protein_sequences_Dec2019/with_filenames/filename-301-92-prokka.faa-smallername.faa 
# Current dir:     /flash/BourguignonU/Jigs/blasts
# Date:            Sat Apr 10 17:24:48 2021
# [ok]
